5

7
4

8
9

5
3
7
2

50
30
70
45

50
30
70
60

5
2
8
1
3
6 
9
15

100
40
140
20
60
120
180
10
50
70
110
160
45

4
6
7

50
20
70
30
40

50
30
60
25
70
90

50	
30
70
20
40
60
90
21
23
45
65
82
48

200
100
300
250
400
450


100
50
150
40
70
130
160
30
45
60
80
120
140
155
165
52
62
75
85
86

50
30
70
21
40
60
90
55
65
82
95
100

50
25
70
20
30
60
90
10
55
65
85
100
95
115
120

50
25
10

50
25
70
20
30
60
90
10
22
27
35
2

50
25
70
20
30
60
90
10
22
9

50
25
70
19
30
60
90
10
22
27
35
21
20

50
25
70
19
30
60
90
10
22
27
35
9
15
20
24
21


10
5
15
3
7
13
16
2
4
1




200
100
400
50
150
300
500
250
350
225

50
40
70
30
45
60
90
55
65
54


10
5
15

10
15
5

50
30
60
25
35


50
30
60
25
55

50
30
60
25
90

60
40
70
65
80
55

60
40
70
65
80
55
35

50
30
60
25
40
55
70
10
90

100
50
150
40
75
125
200
110
210

50
30
70
20
65
35




50
30
70
25
35
60
80
55
65
75
90
54

50
30
70
25
35
60
80
55
65
75
80
68

70
40
100
80
150
75

70
40
100
80
150
90

50
30
80
20
45
70
90
35
48
32

50
30
80
20
45
70
90
35
48
38

70
40
100
20
50
80
150
125
170
110

70
40
100
20
50
80
150
125
170
130





50
45
60
30
47
56
70
52
58
57

100
50
500
10
75
300
700
5
25
60
80
200
400
600
800
150
250
350
450
460

25
15
30
10
20
22

100
50
200
20
70
150
250
10
30
60
80
120
170
210
300
5
15
25
35
55
65
75
90
64

100
50
200
20
70
150
250
10
30
60
80
120
170
210
300
5
15
25
35
55
65
75
90
85

50
45
60
30
47
56
70
52
58
57

50
30
70
20
35
65
80
10
25
23

50
30
70
20
35
65
80
10
25
28

10
8
7
4









