5

5
7

5
4

5
6

5
6
7

5
9
7

9
11

9
11
7

9
1

9
1
20

20
18

20
18
5

20
10

20
10
15

20
30
40
10

20
30
40
25

20
30
40
50

20
30
40
35








30
10
20
15
18

30
10
20
15
9

30
10
20
15
13


30
10
40
60
70

30
10
40
60
35

30
10
40
60
50

100
200
300
400
150

100
200
300
400
90

100
200
300
150
275

100
200
300
150
350

100
200
300
150
350
175

100
200
300
150
350
125

100
200
300
150
350
90

100
200
300
150
350
400

100
200
300
150
350
325

100
200
300
150
350
250


100
200
300
150
350
250
175


100
200
300
150
350
250
125

100
200
300
150
350
250
90

100
200
300
150
350
250
90
270
325

100
200
300
150
350
250
90
270
400

100
200
300
150
350
250
90
325
400

100
200
300
150
350
250
90
325
321

100
200
300
150
350
250
90
325
333

100
200
300
150
350
250
90
325
280

100
200
300
150
350
250
90
325
222

60
180
300
200
250
270
275
280
400

60
180
300
200
250
270
275
280
277

60
180
300
200
250
270
275
280
285

60
180
300
200
250
270
275
280
273

60
180
300
200
250
270
275
280
260

60
180
300
200
250
270
275
280
189

60
180
300
200
250
270
275
280
222

60
180
300
200
250
270
275
280
40

60
180
300
200
250
270
275
280
65

10
30
40
5
20
4

10
30
40
5
20
7

10
30
40
5
20
15

10
30
40
5
20
25

10
30
40
45
50
60

10
30
40
45
50
47

10
30
40
45
50
35

10
30
40
45
50
43



10
30
40
5
20
7
8
6

10
30
40
5
20
7
8
4


10
30
40
5
20
6
8
9

10
30
40
5
20
6
8
7


10
30
40
55
60
50
48
43

10
30
40
55
60
50
48
35

10
30
40
55
60
50
48
55

10
30
40
55
60
50
48
49




10
30
40
50
45
60
70
65

10
30
40
50
45
60
70
80

10
30
40
50
45
60
70
53

10
30
40
50
45
60
70
48







50
180
300
150
170
40
100
30
45
35

50
180
300
150
170
40
100
30
45
28

50
180
300
150
170
40
100
30
45
48

50
180
300
150
170
40
100
30
45
43

600
1800
3000
4500
4700
2500
3100
2720
2700
2000

600
1800
3000
4500
4700
2500
3100
2720
2700
2520

600
1800
3000
4500
4700
2500
3100
2720
2700
2710

600
1800
3000
4500
4700
2500
3100
2720
2700
2730

50
180
300
200
250
270
275
273
255
272

50
180
300
200
250
270
275
273
255
253

50
180
300
200
250
270
275
273
255
260

50
180
300
200
250
270
275
273
255
274

60
180
300
200
250
270
275
280
295
296

60
180
300
200
250
270
275
280
295
277

60
180
300
200
250
270
275
280
295
285

60
180
300
200
250
270
275
280
295
350

50
180
300
150
170
40
100
30
45
46
48
110
115
113
43

50
180
300
150
170
40
100
30
45
46
48
110
115
113
49

50
180
300
150
170
40
100
30
45
47
48
110
115
113
46

50
180
300
150
170
40
100
30
45
46
48
110
115
113
47

50
180
300
150
170
40
100
30
45
46
48
110
115
113
120
114

50
180
300
150
170
40
100
30
45
46
48
110
115
113
120
112

50
180
300
150
170
40
100
30
45
46
48
110
115
113
120
117

50
180
300
150
170
40
100
30
45
46
48
110
115
113
120
125


50
180
300
150
170
40
100
30
45
35
10

50
180
300
150
170
40
100
30
45
35
33

50
180
300
150
170
40
100
30
45
35
37

50
180
300
150
170
40
100
30
45
35
44

50
180
300
150
170
40
100
30
45
35
47

50
180
300
150
170
40
100
30
45
35
90

50
180
300
150
170
40
100
30
45
35
120

50
180
300
150
170
40
100
30
45
35
155

50
180
300
150
170
40
100
30
45
35
176

50
180
300
150
170
40
100
30
45
35
190
185

50
180
300
150
170
40
100
30
45
35
190
195

50
180
300
150
170
40
100
30
45
35
350
400

50
180
300
150
170
40
100
30
45
35
33

50
180
300
150
170
40
100
30
45
35
25

50
180
300
150
170
40
100
30
45
35
38

50
180
300
150
170
40
100
30
45
48
110
47

50
180
300
150
170
40
100
30
45
48
110
43

50
180
300
150
170
40
100
30
45
48
110
49

60
180
300
200
250
270
275
280
295
296
325

60
180
300
200
250
270
275
280
295
298
296

60
180
300
200
250
270
275
280
295
298
299

600
1800
3000
2000
2500
2700
2750
2709
2710
2730
2735

600
1800
3000
2000
2500
2700
2750
2710
2712
2730
2711

600
1800
3000
2000
2500
2700
2750
2709
2710
2730
2715

600
1800
3000
2000
2500
2700
2634
2660
2612
2630
2633

600
1800
3000
2000
2500
2700
2634
2660
2612
2630
2600

600
1800
3000
2000
2500
2700
2634
2660
2612
2630
2613

50
180
300
150
170
40
100
30
45
35
38
25

50
180
300
150
170
40
100
30
45
35
38
33

50
180
300
150
170
40
100
30
45
35
38
37

50
180
300
150
170
40
100
30
45
35
38
39

50
180
300
150
170
40
100
30
45
47
48
46

50
180
300
150
170
40
100
30
45
47
48
43

50
180
300
150
170
40
100
30
45
46
48
49

50
180
300
150
170
40
100
30
45
46
48
47

50
180
300
150
170
40
100
30
45
46
48
110
115
120

50
180
300
150
170
40
100
30
45
46
48
110
115
90

50
180
300
150
170
40
100
30
45
46
48
110
115
109

50
180
300
150
170
40
100
30
45
46
48
110
115
113

50
180
300
150
170
40
100
30
45
46
48
175
178
179

50
180
300
150
170
40
100
30
45
46
48
175
178
160

50
180
300
150
170
40
100
30
45
46
48
175
178
174

50
180
300
150
170
40
100
30
45
46
48
175
178
176
